objects:
    - label: milk
      tolerance: 0.5
      position : [-0.0981588525534, -0.354399127545, 1.34451781995]
      orientation : [0 , 0, 0]
